Works/07/W29468-web/images/W29468-5295/52950004.tif_19.png
Works/07/W29468-web/images/W29468-5295/52950005.tif_19.png
Works/07/W29468-web/images/W29468-5295/52950006.tif_19.png
Works/07/W29468-web/images/W29468-5295/52950007.tif_19.png
Works/07/W29468-web/images/W29468-5295/52950008.tif_19.png
Works/07/W29468-web/images/W29468-5295/52950010.tif_19.png
Works/07/W29468-web/images/W29468-5295/52950012.tif_19.png
Works/07/W29468-web/images/W29468-5295/52950013.tif_19.png
Works/07/W29468-web/images/W29468-5295/52950014.tif_19.png
Works/07/W29468-web/images/W29468-5295/52950015.tif_19.png
Works/07/W29468-web/images/W29468-5295/52950016.tif_19.png
Works/07/W29468-web/images/W29468-5295/52950019.tif_19.png
Works/07/W29468-web/images/W29468-5295/52950021.tif_19.png
Works/07/W29468-web/images/W29468-5295/52950023.tif_19.png
Works/07/W29468-web/images/W29468-5295/52950025.tif_19.png
Works/07/W29468-web/images/W29468-5295/52950029.tif_19.png
Works/07/W29468-web/images/W29468-5295/52950030.tif_19.png
Works/07/W29468-web/images/W29468-5295/52950032.tif_19.png
Works/07/W29468-web/images/W29468-5295/52950059.tif_19.png
Works/07/W29468-web/images/W29468-5295/52950077.tif_19.png
Works/07/W29468-web/images/W29468-5295/52950079.tif_19.png
Works/07/W29468-web/images/W29468-5295/52950120.tif_19.png
Works/07/W29468-web/images/W29468-5295/52950145.tif_19.png
Works/07/W29468-web/images/W29468-5295/52950163.tif_19.png
Works/07/W29468-web/images/W29468-5295/52950164.tif_19.png
Works/07/W29468-web/images/W29468-5295/52950166.tif_19.png
Works/07/W29468-web/images/W29468-5295/52950168.tif_19.png
Works/07/W29468-web/images/W29468-5295/52950184.tif_19.png
Works/07/W29468-web/images/W29468-5295/52950263.tif_19.png
Works/07/W29468-web/images/W29468-5295/52950299.tif_19.png
Works/07/W29468-web/images/W29468-5295/52950308.tif_19.png
Works/07/W29468-web/images/W29468-5295/52950309.tif_19.png
Works/07/W29468-web/images/W29468-5295/52950386.tif_19.png
Works/07/W29468-web/images/W29468-5295/52950387.tif_19.png
Works/07/W29468-web/images/W29468-5295/52950388.tif_19.png
Works/07/W29468-web/images/W29468-5295/52950451.tif_19.png
Works/07/W29468-web/images/W29468-5297/52970004.tif_19.png
Works/07/W29468-web/images/W29468-5297/52970410.tif_19.png
Works/07/W29468-web/images/W29468-5297/52970411.tif_19.png
Works/07/W29468-web/images/W29468-5297/52970412.tif_19.png
Works/07/W29468-web/images/W29468-5299/52990071.tif_19.png
Works/07/W29468-web/images/W29468-5299/52990072.tif_19.png
Works/07/W29468-web/images/W29468-5299/52990073.tif_19.png
Works/07/W29468-web/images/W29468-5299/52990083.tif_19.png
Works/07/W29468-web/images/W29468-5344/53440293.tif_19.png
Works/07/W29468-web/images/W29468-5344/53440466.tif_19.png
Works/07/W29468-web/images/W29468-5344/53440469.tif_19.png
Works/07/W29468-web/images/W29468-5344/53440473.tif_19.png
Works/07/W29468-web/images/W29468-5344/53440476.tif_19.png
Works/07/W29468-web/images/W29468-5344/53440595.tif_19.png
Works/07/W29468-web/images/W29468-5345/53450004.tif_19.png
Works/07/W29468-web/images/W29468-5345/53450135.tif_19.png
Works/07/W29468-web/images/W29468-5345/53450136.tif_19.png
Works/07/W29468-web/images/W29468-5345/53450137.tif_19.png
Works/07/W29468-web/images/W29468-5345/53450138.tif_19.png
Works/07/W29468-web/images/W29468-5345/53450147.tif_19.png
Works/07/W29468-web/images/W29468-5345/53450185.tif_19.png
Works/07/W29468-web/images/W29468-5345/53450186.tif_19.png
Works/07/W29468-web/images/W29468-5345/53450187.tif_19.png
Works/07/W29468-web/images/W29468-5345/53450188.tif_19.png
Works/07/W29468-web/images/W29468-5345/53450222.tif_19.png
Works/07/W29468-web/images/W29468-5345/53450229.tif_19.png
Works/07/W29468-web/images/W29468-5345/53450251.tif_19.png
Works/07/W29468-web/images/W29468-5345/53450588.tif_19.png
Works/07/W29468-web/images/W29468-5345/53450593.tif_19.png
Works/07/W29468-web/images/W29468-5345/53450599.tif_19.png
Works/07/W29468-web/images/W29468-5347/53470568.tif_19.png
Works/07/W29468-web/images/W29468-5347/53470569.tif_19.png
Works/07/W29468-web/images/W29468-5347/53470635.tif_19.png
Works/07/W29468-web/images/W29468-5347/53470636.tif_19.png
Works/07/W29468-web/images/W29468-5348/53480049.tif_19.png
Works/07/W29468-web/images/W29468-5348/53480058.tif_19.png
Works/07/W29468-web/images/W29468-5349/53490342.tif_19.png
Works/07/W29468-web/images/W29468-5349/53490610.tif_19.png
Works/07/W29468-web/images/W29468-5349/53490634.tif_19.png
Works/07/W29468-web/images/W29468-5349/53490635.tif_19.png
Works/07/W29468-web/images/W29468-5350/53500004.tif_19.png
Works/07/W29468-web/images/W29468-5350/53500005.tif_19.png
Works/07/W29468-web/images/W29468-5350/53500016.tif_19.png
Works/07/W29468-web/images/W29468-5350/53500197.tif_19.png
Works/07/W29468-web/images/W29468-5350/53500198.tif_19.png
Works/07/W29468-web/images/W29468-5350/53500233.tif_19.png
Works/07/W29468-web/images/W29468-5350/53500234.tif_19.png
Works/07/W29468-web/images/W29468-5350/53500236.tif_19.png
Works/07/W29468-web/images/W29468-5350/53500237.tif_19.png
Works/07/W29468-web/images/W29468-5350/53500238.tif_19.png
Works/07/W29468-web/images/W29468-5350/53500239.tif_19.png
Works/07/W29468-web/images/W29468-5350/53500240.tif_19.png
Works/07/W29468-web/images/W29468-5350/53500241.tif_19.png
Works/07/W29468-web/images/W29468-5350/53500242.tif_19.png
Works/07/W29468-web/images/W29468-5350/53500243.tif_19.png
Works/07/W29468-web/images/W29468-5350/53500244.tif_19.png
Works/07/W29468-web/images/W29468-5399/53990021.tif_19.png
Works/07/W29468-web/images/W29468-5399/53990023.tif_19.png
Works/07/W29468-web/images/W29468-5399/53990034.tif_19.png
Works/07/W29468-web/images/W29468-5399/53990035.tif_19.png
Works/07/W29468-web/images/W29468-5399/53990132.tif_19.png
Works/07/W29468-web/images/W29468-5399/53990140.tif_19.png
Works/07/W29468-web/images/W29468-5399/53990151.tif_19.png
Works/07/W29468-web/images/W29468-5399/53990152.tif_19.png